OBJECTID,Facility_Name,Name,FIPS,POINT_X,POINT_Y
1,rmp_30,,30,-124.302893247999975,42.597609950000049
2,rmp_31,,31,-123.799095071999943,42.593024808000052
3,rmp_32,,32,-123.550578205999955,42.620571519000066
4,rmp_33,,33,-123.274206769999978,42.640745107000043
5,rmp_34,,34,-123.044237118999945,42.700000000000045
6,rmp_35,,35,-122.933920779999994,42.674393145000067
7,rmp_36,,36,-122.558464496999989,42.627986952000072
8,rmp_37,,37,-124.340090358999987,42.866517405000025
9,rmp_38,,38,-124.115140935999989,42.924859064000032
10,rmp_39,,39,-123.863902773999939,42.859183529000063
11,rmp_40,,40,-123.593419812999969,42.925486385000056
12,rmp_41,,41,-123.381872132999945,42.881509818000040
13,rmp_42,,42,-123.110594492999951,42.937464694000028
14,rmp_43,,43,-122.860288537999963,42.773216349000052
15,rmp_44,,44,-122.701275229999965,42.820805300000075
16,rmp_45,,45,-124.059999999999945,43.190000000000055
17,rmp_46,,46,-123.888535362999960,43.089916970000047
18,rmp_47,,47,-123.509999999999991,43.040000000000077
19,rmp_48,,48,-123.289999999999964,43.080000000000041
20,rmp_49,,49,-123.076286403999973,43.161676295000063
21,rmp_50,,50,-124.309999999999945,43.330000000000041
22,rmp_51,,51,-124.052170050999962,43.417454542000030
23,rmp_52,,52,-123.818414568999970,43.379723123000076
24,rmp_53,,53,-123.567077739999945,43.410203394000064
25,rmp_54,,54,-123.359400496999967,43.422365869000032
26,rmp_55,,55,-123.146615589999953,43.419956220000074
27,rmp_56,,56,-123.938888723999980,43.713282798000080
28,rmp_57,,57,-123.654767734999950,43.669267834000038
29,rmp_58,,58,-123.336550998999940,43.600903292000055
30,rmp_59,,59,-123.133444237999981,43.624299110000038
31,rmp_60,,60,-122.913017914999955,43.676383070000043
32,rmp_61,,61,-122.659242430999939,43.602469680000070
33,rmp_62,,62,-121.912656145999961,43.621260606000078
34,rmp_63,,63,-121.721181168999976,43.548818831000062
35,rmp_64,,64,-123.861887943999989,43.969036504000030
36,rmp_65,,65,-123.646380148999981,43.838395363000075
37,rmp_66,,66,-123.385536797999976,43.894852947000061
38,rmp_67,,67,-123.134162519999961,43.855883552000080
39,rmp_68,,68,-122.849185751999983,43.843042615000059
40,rmp_69,,69,-122.673475201999963,43.876027217000058
41,rmp_70,,70,-121.939999999999941,43.770000000000039
42,rmp_71,,71,-121.634540637999976,43.855572016000053
43,rmp_72,,72,-123.880415127999981,44.139905326000076
44,rmp_73,,73,-123.607930910999983,44.138369346000047
45,rmp_74,,74,-122.881569741999954,44.125833840000041
46,rmp_75,,75,-122.631162388999940,44.094259256000043
47,rmp_76,,76,-122.424619531999952,44.136569753000060
48,rmp_77,,77,-122.239999999999952,44.250000000000057
49,rmp_78,,78,-123.910457106999957,44.361352536000027
50,rmp_79,,79,-123.616067632999943,44.388845864000075
51,rmp_80,,80,-122.901281109999957,44.331078425000044
52,rmp_81,,81,-122.610353179999947,44.407015423000075
53,rmp_82,,82,-122.430348289999984,44.388342568000041
54,rmp_83,,83,-122.130413640999961,44.409454442000026
55,rmp_85,,85,-123.840032964999978,44.644778810000048
56,rmp_86,,86,-123.599639553999964,44.642196293000040
57,rmp_87,,87,-123.339153552999960,44.582717279000065
58,rmp_88,,88,-122.959999999999980,44.520000000000039
59,rmp_89,,89,-122.578277049999940,44.648520823000069
60,rmp_90,,90,-122.404133351999974,44.589663438000059
61,rmp_91,,91,-122.095923532999961,44.663205888000050
62,rmp_92,,92,-121.670297157999983,44.726879845000042
63,rmp_93,,93,-123.845785694999961,44.802455171000076
64,rmp_94,,94,-123.575177575999987,44.857543946000078
65,rmp_95,,95,-123.375949762999994,44.825469384000030
66,rmp_96,,96,-122.574062579999975,44.841534976000048
67,rmp_97,,97,-122.405677847999982,44.856708470000058
68,rmp_98,,98,-121.799878967999973,44.922220762000052
69,rmp_99,,99,-121.657923650999976,44.864267276000078
70,rmp_100,,100,-123.821697602999961,45.077282447000073
71,rmp_101,,101,-123.609952742999951,45.105856500000073
72,rmp_102,,102,-123.354518464999956,45.132890106000048
73,rmp_103,,103,-123.127171908999969,45.035667001000036
74,rmp_104,,104,-122.407629228999951,45.110826146000079
75,rmp_105,,105,-122.183148791999940,45.201104653000073
76,rmp_106,,106,-121.943656516999965,45.034085871000059
77,rmp_107,,107,-121.640106653999965,45.038599016000035
78,rmp_108,,108,-123.890478509999980,45.365445048000026
79,rmp_109,,109,-123.595838948999983,45.365898581000067
80,rmp_110,,110,-123.348065958999939,45.366108919000055
81,rmp_111,,111,-123.029999999999973,45.357720718000053
82,rmp_112,,112,-122.379424633999975,45.400893960000076
83,rmp_113,,113,-122.144765223999968,45.408016208000049
84,rmp_114,,114,-121.808819506999953,45.399904423000066
85,rmp_115,,115,-121.572925959999964,45.458036491000030
86,rmp_116,,116,-123.856262541999968,45.653375974000028
87,rmp_117,,117,-123.611546840999949,45.675387795000063
88,rmp_118,,118,-123.372379446999958,45.584038485000065
89,rmp_119,,119,-123.129403861999947,45.701565060000064
90,rmp_120,,120,-122.939267882999957,45.689558882000028
91,rmp_121,,121,-122.509999999999991,45.720000000000027
92,rmp_122,,122,-122.352381666999975,45.716846062000059
93,rmp_123,,123,-122.123733023999989,45.626012273000072
94,rmp_124,,124,-121.614336813999955,45.697979472000043
95,rmp_125,,125,-121.419740475999959,45.617487784000048
96,rmp_126,,126,-121.157423848999940,45.728384101000074
97,rmp_127,,127,-123.880260421999992,45.893348132000028
98,rmp_128,,128,-123.702211878999947,45.903864353000074
99,rmp_129,,129,-123.449999999999989,45.800000000000068
100,rmp_130,,130,-123.116467403999991,45.922940221000033
101,rmp_131,,131,-122.820726016999970,45.962767342000063
102,rmp_132,,132,-122.584394697999983,45.941924677000031
103,rmp_133,,133,-122.389576578999993,45.873850185000038
104,rmp_134,,134,-122.174515154999995,45.958105846000080
105,rmp_135,,135,-121.867871677999972,45.869949079000037
106,rmp_136,,136,-121.626165156999946,45.836813426000049
107,rmp_137,,137,-121.364728568999965,45.813863474000073
108,rmp_138,,138,-123.875530022999953,46.133869519000029
109,rmp_139,,139,-123.605857298999979,46.078550891000077
110,rmp_140,,140,-123.365085804999978,46.142394591000027
111,rmp_141,,141,-123.134911417999945,46.171354515000075
112,rmp_142,,142,-122.970352189999971,46.148345806000066
113,rmp_143,,143,-122.679225928999983,46.113881559000049
114,rmp_144,,144,-122.392508381999960,46.119909285000062
115,rmp_145,,145,-122.168256084999939,46.088256085000069
116,rmp_146,,146,-121.352570883999988,46.141974068000081
117,rmp_147,,147,-121.103523379999956,46.143675505000033
118,rmp_148,,148,-115.774146254999948,46.228272394000044
119,rmp_149,,149,-115.639999999999986,46.090000000000032
120,rmp_150,,150,-123.807480123999994,46.411007178000034
121,rmp_151,,151,-123.611096963999955,46.402574573000038
122,rmp_152,,152,-123.366641690999984,46.363211695000075
123,rmp_153,,153,-123.141886453999973,46.386451968000074
124,rmp_154,,154,-122.831107075999967,46.317728485000032
125,rmp_155,,155,-122.663082525999982,46.363170752000030
126,rmp_156,,156,-122.385761661999993,46.410807747000035
127,rmp_157,,157,-122.109999999999957,46.500000000000057
128,rmp_158,,158,-121.384650211999940,46.370863745000065
129,rmp_159,,159,-121.156796433999943,46.310778603000074
130,rmp_160,,160,-115.897850461999951,46.381893394000031
131,rmp_161,,161,-123.888319220999961,46.606638441000030
132,rmp_162,,162,-123.621900052999990,46.662061657000038
133,rmp_163,,163,-123.396724916999972,46.693726579000042
134,rmp_164,,164,-123.239999999999952,46.750000000000057
135,rmp_165,,165,-122.849999999999966,46.540000000000077
136,rmp_166,,166,-122.673479084999940,46.686580479000042
137,rmp_167,,167,-122.418834180999966,46.596590386000059
138,rmp_168,,168,-122.100971091999952,46.652681939000047
139,rmp_169,,169,-116.343905270999983,46.574378916000057
140,rmp_170,,170,-116.113898848999952,46.565932566000072
141,rmp_171,,171,-123.857385293999982,46.853459647000079
142,rmp_172,,172,-123.640968471999940,46.819966341000054
143,rmp_173,,173,-123.355738649999978,46.813448192000067
144,rmp_174,,174,-123.166253089999941,46.845968726000081
145,rmp_175,,175,-122.838281581999979,46.870625266000047
146,rmp_176,,176,-122.623214807999943,46.883641499000078
147,rmp_177,,177,-122.293774429999985,46.767346363000058
148,rmp_178,,178,-122.210477826999977,46.867016839000030
149,rmp_179,,179,-116.350032664999958,46.837420453000050
150,rmp_180,,180,-116.185217923999971,46.849512397000069
151,rmp_181,,181,-124.167146862999971,47.131426568000052
152,rmp_182,,182,-123.799999999999955,47.210233575000075
153,rmp_183,,183,-123.596313111999962,47.097209259000067
154,rmp_184,,184,-123.299999999999955,47.040000000000077
155,rmp_185,,185,-123.115254726999979,47.103485668000076
156,rmp_186,,186,-122.860023581999940,47.143815272000040
157,rmp_187,,187,-122.689781168999957,47.151135426000053
158,rmp_188,,188,-116.880814087999966,47.050000000000068
159,rmp_189,,189,-116.572933254999953,47.109453818000077
160,rmp_190,,190,-116.353386098999977,47.098470472000031
161,rmp_191,,191,-116.062234988999990,47.185345383000026
162,rmp_192,,192,-124.106602827999950,47.382483631000071
163,rmp_193,,193,-123.966043620999983,47.460218107000060
164,rmp_194,,194,-123.639654125999982,47.321280172000058
165,rmp_195,,195,-123.331674141999940,47.315887421000070
166,rmp_196,,196,-123.114450649999981,47.411276537000049
167,rmp_197,,197,-122.770093715999963,47.448317714000041
168,rmp_198,,198,-122.596652774999939,47.366655300000048
169,rmp_199,,199,-116.815290453999978,47.366619252000078
170,rmp_200,,200,-116.596539781999979,47.378605784000058
171,rmp_201,,201,-116.406442948999938,47.408365507000042
172,rmp_202,,202,-116.129999999999939,47.360000000000070
173,rmp_203,,203,-124.320675946999984,47.530815155000028
174,rmp_204,,204,-124.087329417999968,47.559893061000025
175,rmp_205,,205,-122.837502646999951,47.619263971000066
176,rmp_206,,206,-122.635496702999944,47.704182487000026
177,rmp_207,,207,-116.869999999999948,47.580000000000041
178,rmp_208,,208,-116.530739476999941,47.717042093000032
179,rmp_209,,209,-116.321603653999944,47.598123742000041
180,rmp_210,,210,-116.202033090999976,47.600646036000057
181,rmp_211,,211,-124.325834992999944,47.809311886000046
182,rmp_212,,212,-124.139027590999945,47.990000000000066
183,rmp_213,,213,-122.893833425999958,47.902066476000073
184,rmp_214,,214,-122.623632060999967,47.883632061000071
185,rmp_215,,215,-118.429770005999956,47.833180004000042
186,rmp_216,,216,-118.027218272999960,47.936791391000042
187,rmp_217,,217,-117.930430199999989,47.946255361000055
188,rmp_218,,218,-117.639999999999986,47.890000000000043
189,rmp_219,,219,-116.922057445999940,47.865126444000055
190,rmp_220,,220,-116.399999999999977,47.940000000000055
191,rmp_221,,221,-116.039999999999964,47.990000000000066
192,rmp_222,,222,-122.346530418999976,48.225211445000070
193,rmp_223,,223,-122.143904559999953,48.181151745000079
194,rmp_224,,224,-118.849999999999966,48.170000000000073
195,rmp_225,,225,-118.558447103999981,48.144533591000027
196,rmp_226,,226,-118.417470337999987,48.156533870000032
197,rmp_227,,227,-118.182469898999955,48.110099386000059
198,rmp_228,,228,-117.916270621999956,48.175153211000065
199,rmp_229,,229,-117.579999999999984,48.040000000000077
200,rmp_230,,230,-117.373258410999938,48.137108489000070
201,rmp_231,,231,-117.135530715999948,48.085743371000035
202,rmp_232,,232,-116.949999999999989,48.240000000000066
203,rmp_233,,233,-116.729999999999961,48.120000000000061
204,rmp_234,,234,-122.309999999999945,48.350000000000080
205,rmp_235,,235,-122.100931438999964,48.334293460000026
206,rmp_236,,236,-121.836018981999985,48.320150247000072
207,rmp_237,,237,-121.693458853999971,48.275609509000049
208,rmp_238,,238,-118.852616722999983,48.410523345000058
209,rmp_239,,239,-118.571064680999939,48.307305373000077
210,rmp_240,,240,-118.416805663999980,48.379028217000041
211,rmp_241,,241,-118.219999999999970,48.400000000000034
212,rmp_242,,242,-117.842221026999994,48.364624274000050
213,rmp_243,,243,-117.579999999999984,48.260000000000048
214,rmp_244,,244,-117.428690905999986,48.357705295000073
215,rmp_245,,245,-117.181124682999950,48.454640565000034
216,rmp_246,,246,-116.905051343999958,48.462116072000072
217,rmp_247,,247,-116.676255999999967,48.333673547000046
218,rmp_248,,248,-122.380829165999955,48.697489489000077
219,rmp_249,,249,-122.150490644999991,48.709433197000067
220,rmp_250,,250,-118.889804243999947,48.671781686000031
221,rmp_251,,251,-117.726595499999974,48.574258506000035
222,rmp_252,,252,-122.334961792999991,48.808928699000035
223,rmp_253,,253,-122.110066912999969,48.800000000000068
224,rmp_254,,254,-118.776002835999975,48.959099575000039
225,rmp_255,,255,-118.579999999999984,48.850000000000080
226,rmp_256,,256,-117.914108406999958,48.795682577000036
227,rmp_257,,257,-117.719999999999970,48.880000000000052
228,rmp_278,,278,-124.266228117999958,42.216014783000048
229,rmp_279,,279,-123.629050753999991,42.197931541000059
230,rmp_280,,280,-123.286945186999958,42.268903014000045
231,rmp_281,,281,-122.690253414999972,42.200817870000037
232,rmp_282,,282,-122.218603430999963,42.325041969000040
233,rmp_283,,283,-122.347231686999976,42.623158744000079
234,rmp_284,,284,-122.872008064999989,43.381557473000044
235,rmp_285,,285,-122.264349846999949,43.243215486000054
236,rmp_286,,286,-121.721252148999952,43.194546298000034
237,rmp_287,,287,-121.252426354999955,43.403263029000072
238,rmp_288,,288,-124.090036435999991,43.798012103000076
239,rmp_289,,289,-122.280473887999960,43.663366843000063
240,rmp_290,,290,-121.469999999999970,43.870000000000061
241,rmp_291,,291,-123.375041228999976,44.311050155000032
242,rmp_292,,292,-121.962895148999962,44.292252519000044
243,rmp_293,,293,-119.672019711999951,44.344514462000063
244,rmp_294,,294,-119.153070643999968,44.294866349000074
245,rmp_295,,295,-118.937960864999980,44.137856433000081
246,rmp_296,,296,-118.183254327999975,44.362287516000038
247,rmp_297,,297,-121.441064856999958,44.848413273000062
248,rmp_298,,298,-119.292301427999973,44.670871313000077
249,rmp_299,,299,-118.740112949999968,44.629049802000054
250,rmp_300,,300,-118.340067892999969,44.633851225000058
251,rmp_303,,303,-122.651403960999971,45.254724634000070
252,rmp_304,,304,-121.444615889999966,45.114785739000069
253,rmp_305,,305,-118.823908872999993,45.229740020000065
254,rmp_306,,306,-118.203330626999957,45.312845517000028
255,rmp_307,,307,-117.837016487999961,45.242454846000044
256,rmp_308,,308,-117.296397243999991,45.348912682000048
257,rmp_309,,309,-118.185804538999946,45.743144804000053
258,rmp_310,,310,-117.723045202999970,45.744008142000041
259,rmp_311,,311,-117.239999999999952,45.610000000000070
260,rmp_312,,312,-121.960566099999994,46.400705207000044
261,rmp_313,,313,-116.575545717999944,46.158735780000029
262,rmp_314,,314,-116.099446056999966,46.435928015000059
263,rmp_317,,317,-121.308601221999993,46.741298227000073
264,rmp_318,,318,-116.714680850999969,46.849036974000057
265,rmp_319,,319,-115.928252044999965,46.645149541000080
266,rmp_322,,322,-122.164767478999977,47.104493254000033
267,rmp_323,,323,-121.904120568999986,47.320324215000028
268,rmp_324,,324,-121.305356611999969,47.177234235000071
269,rmp_325,,325,-117.569999999999993,47.300000000000068
270,rmp_326,,326,-117.179822653999963,47.369250572000055
271,rmp_327,,327,-123.979999999999961,47.510000000000048
272,rmp_328,,328,-123.104385007999952,47.769949671000063
273,rmp_329,,329,-122.288745160999952,47.830550187000028
274,rmp_330,,330,-121.836408718999962,47.861844911000048
275,rmp_331,,331,-121.058802083999979,47.784288049000054
276,rmp_332,,332,-117.148558370999979,47.880446586000062
277,rmp_333,,333,-124.629999999999995,48.020000000000039
278,rmp_334,,334,-124.297540907999974,48.124472420000075
279,rmp_335,,335,-122.650200761999940,48.133456671000033
280,rmp_336,,336,-121.449999999999989,48.450000000000045
281,rmp_337,,337,-116.339999999999975,48.030000000000030
282,rmp_342,,342,-122.654041828999993,48.730576483000050
283,rmp_343,,343,-121.882317680999961,48.601196373000050
284,rmp_344,,344,-121.349999999999966,48.510000000000048
285,rmp_345,,345,-118.181386207999992,48.666014891000032
286,rmp_346,,346,-117.331465620999950,48.643014598000036
287,rmp_347,,347,-116.650331889999961,48.647551474000068
288,rmp_348,,348,-116.402557722999973,48.633795903000077
289,rmp_381,,381,-121.752772283999946,42.534500813000079
290,rmp_382,,382,-124.043319202999953,44.439295862000051
291,rmp_383,,383,-120.599999999999966,44.243331749000049
292,rmp_384,,384,-117.968111436999948,44.505386730000055
293,rmp_385,,385,-116.363432700999965,44.605582888000072
294,rmp_386,,386,-115.351030460999993,44.444185371000060
295,rmp_388,,388,-111.373072976999993,44.702720462000059
296,rmp_390,,390,-120.939999999999941,45.980000000000075
297,rmp_391,,391,-119.200481755999988,45.187695380000036
298,rmp_392,,392,-116.146193410999956,45.624730289000070
299,rmp_393,,393,-115.796609658999955,45.862188219000075
300,rmp_399,,399,-124.059699265999939,46.789368891000038
301,rmp_400,,400,-120.800230154999952,46.187962128000038
302,rmp_401,,401,-118.049999999999955,46.040000000000077
303,rmp_402,,402,-117.483255300999986,46.232387689000063
304,rmp_406,,406,-120.670182025999964,47.597277338000026
305,rmp_412,,412,-123.534155462999991,48.134501523000040
306,rmp_435,,435,-120.497744539999985,42.197088870000073
307,rmp_436,,436,-118.912915921999968,43.975974955000027
308,rmp_437,,437,-116.163159439999959,43.422679712000047
309,rmp_438,,438,-111.928038855999944,42.447832339000058
310,rmp_442,,442,-113.836257764999971,45.307288476000053
311,rmp_447,,447,-120.006781056999955,48.617965415000072